23CSE001 Alice 101 3500.00 1 2 4 3 5 0 1 0 4 3 2 1 5 0 0 1 3 2 4 5 1 0 2 3 4 1 0 5 3 2
23CSE002 Bob 102 2800.00 0 1 0 2 4 5 1 2 3 0 0 4 1 5 2 3 1 0 5 4 3 2 1 0 0 1 2 3 4 1
23CSE003 Charlie 103 5000.00 4 4 0 0 1 3 2 1 5 4 3 1 2 0 5 4 3 1 0 1 2 3 4 5 1 0 0 3 2 1
23CSE004 David 104 1200.00 0 0 1 1 2 2 3 3 4 4 5 5 1 2 3 4 1 0 5 4 3 2 1 0 1 1 2 2 3 3
23CSE005 Emma 105 3100.00 3 3 3 3 1 1 1 2 2 2 4 4 4 5 1 2 3 4 5 0 0 1 1 1 2 3 4 5 0 0
23CSE006 Frank 106 4500.00 5 4 3 2 1 0 1 2 3 4 5 1 2 3 4 5 0 0 1 1 2 3 4 5 1 0 3 2 1 0
23CSE007 Grace 107 2000.00 0 1 2 3 4 5 0 1 2 3 4 5 1 1 1 2 3 4 5 5 4 3 2 1 0 1 2 3 4 5
23CSE008 Henry 108 3900.00 1 1 1 1 2 2 3 3 3 4 4 5 5 1 0 0 1 2 3 4 1 1 2 3 4 5 5 4 3 2
23CSE009 Ivy 109 2750.00 2 3 4 5 1 1 0 0 2 2 3 3 4 4 5 5 0 1 2 3 4 5 1 0 0 1 2 3 4 5
23CSE010 Jack 110 3300.00 5 5 4 4 3 3 2 2 1 1 0 0 1 2 3 4 5 1 2 3 4 5 1 0 2 3 4 5 0 1
TEST123 TestName 101 500.00 0 0 0 0 0 0 0 0 0 0 0 0 0 0 0 0 0 0 0 0 0 0 0 0 0 0 0 0 0 0
12305035 jeba 410 200.00 0 0 0 0 2 4 0 4 0 0 0 0 0 0 0 0 0 0 0 0 0 0 0 0 0 0 0 0 0 0
25CSE01 John_Doe 101 500.00 0 0 0 0 0 0 0 0 0 0 0 0 0 0 0 0 0 0 0 0 0 0 0 0 0 0 0 0 0 0
